V 54
K 1
D 0 -508000 2540000 0
Y 1
U 2159000 762000 254000 0 2 3 REFDES=IC?
U 2159000 508000 254000 0 2 3 DEVICE=TLV61047DDCR
U 2159000 254000 254000 0 2 0 PKG_TYPE=SOT95P280X110-5N
U 2159000 0 254000 0 2 0 Description=Switching Voltage Regulators 20VIN, 28VOUT, 2.2A non-synchronous boost converter with SOT23-5 DDC package
U 2159000 -254000 254000 0 2 0 Datasheet Link=https://www.ti.com/lit/ds/symlink/tlv61047.pdf?ts=1744891624532&ref_url=https%253A%252F%252Fwww.ti.com%252Fcompare-products%252F%253Fid%253D360082%2526type%253DGPT%2526partList%253DTLV61047%252CTLV61048%252CTLV61046A%252CTPS61096A%2526columnList%253D-2%25
U 2159000 -508000 254000 0 2 0 Height=1.1
U 2159000 -762000 254000 0 2 0 Manufacturer_Name=Texas Instruments
U 2159000 -1016000 254000 0 2 0 Manufacturer_Part_Number=TLV61047DDCR
U 2159000 -1270000 254000 0 2 0 Mouser Part Number=
U 2159000 -1524000 254000 0 2 0 Mouser Price/Stock=
U 2159000 -1778000 254000 0 2 0 Arrow Part Number=
U 2159000 -2032000 254000 0 2 0 Arrow Price/Stock=
U 0 0 254000 0 1 0 FORWARD_PCB=1
l 5 508000 254000 2032000 254000 2032000 -762000 508000 -762000 508000 254000
|GRPHSTL -1 -1 -1 1
P 1 0 0 508000 0 0 2 0
L 584200 0 228600 0 2 0 1 0 SW
A 355600 50800 203200 0 9 3 #=1
A 0 0 9 0 3 0 PINTYPE=BI
P 2 0 -254000 508000 -254000 0 2 0
L 584200 -254000 228600 0 2 0 1 0 GND
A 355600 -203200 203200 0 9 3 #=2
A 0 0 9 0 3 0 PINTYPE=BI
P 3 0 -508000 508000 -508000 0 2 0
L 584200 -508000 228600 0 2 0 1 0 FB
A 355600 -457200 203200 0 9 3 #=3
A 0 0 9 0 3 0 PINTYPE=BI
P 4 2540000 0 2032000 0 0 3 0
L 1955800 0 228600 0 8 0 1 0 EN
A 2184400 50800 203200 0 3 3 #=4
A 0 0 9 0 3 0 PINTYPE=BI
P 5 2540000 -254000 2032000 -254000 0 3 0
L 1955800 -254000 228600 0 8 0 1 0 VIN
A 2184400 -203200 203200 0 3 3 #=5
A 0 0 9 0 3 0 PINTYPE=BI
E
