V 54
K 1
D 0 -2286000 4572000 0
Y 1
U 4191000 762000 254000 0 2 3 REFDES=IC?
U 4191000 508000 254000 0 2 3 DEVICE=ADP7158ARDZ-3.3-R7
U 4191000 254000 254000 0 2 0 PKG_TYPE=SOIC127P600X175-9N
U 4191000 0 254000 0 2 0 Description=LDO Voltage Regulators 3.3/5Vin 1.2A Ultra Low Noise LDO Fixed
U 4191000 -254000 254000 0 2 0 Datasheet Link=https://componentsearchengine.com/Datasheets/1/ADP7158ARDZ-3.3-R7.pdf
U 4191000 -508000 254000 0 2 0 Height=1.75
U 4191000 -762000 254000 0 2 0 Manufacturer_Name=Analog Devices
U 4191000 -1016000 254000 0 2 0 Manufacturer_Part_Number=ADP7158ARDZ-3.3-R7
U 4191000 -1270000 254000 0 2 0 Mouser Part Number=584-ADP7158ARDZ3.3R7
U 4191000 -1524000 254000 0 2 0 Mouser Price/Stock=https://www.mouser.co.uk/ProductDetail/Analog-Devices/ADP7158ARDZ-3.3-R7?qs=JeIcUl65ClBbLSN64Y7owQ%3D%3D
U 4191000 -1778000 254000 0 2 0 Arrow Part Number=ADP7158ARDZ-3.3-R7
U 4191000 -2032000 254000 0 2 0 Arrow Price/Stock=https://www.arrow.com/en/products/adp7158ardz-3.3-r7/analog-devices?utm_currency=USD&region=nac
U 0 0 254000 0 1 0 FORWARD_PCB=1
l 5 508000 254000 4064000 254000 4064000 -1778000 508000 -1778000 508000 254000
|GRPHSTL -1 -1 -1 1
P 1 0 0 508000 0 0 2 0
L 584200 0 228600 0 2 0 1 0 VOUT
A 355600 50800 203200 0 9 3 #=1
A 0 0 9 0 3 0 PINTYPE=OUT
P 2 0 -254000 508000 -254000 0 2 0
L 584200 -254000 228600 0 2 0 1 0 VOUT_SENSE
A 355600 -203200 203200 0 9 3 #=2
A 0 0 9 0 3 0 PINTYPE=BI
P 3 0 -508000 508000 -508000 0 2 0
L 584200 -508000 228600 0 2 0 1 0 BYP
A 355600 -457200 203200 0 9 3 #=3
A 0 0 9 0 3 0 PINTYPE=BI
P 4 0 -762000 508000 -762000 0 2 0
L 584200 -762000 228600 0 2 0 1 0 EN
A 355600 -711200 203200 0 9 3 #=4
A 0 0 9 0 3 0 PINTYPE=IN
P 5 2286000 -2286000 2286000 -1778000 0 1 0
L 2286000 -1701800 228600 1 2 0 1 0 GND
A 2235200 -1930400 203200 1 9 3 #=9
A 0 0 9 0 3 0 PINTYPE=BI
P 6 4572000 0 4064000 0 0 3 0
L 3987800 0 228600 0 8 0 1 0 VIN
A 4216400 50800 203200 0 3 3 #=8
A 0 0 9 0 3 0 PINTYPE=POWER
P 7 4572000 -254000 4064000 -254000 0 3 0
L 3987800 -254000 228600 0 8 0 1 0 VREG
A 4216400 -203200 203200 0 3 3 #=7
A 0 0 9 0 3 0 PINTYPE=BI
P 8 4572000 -508000 4064000 -508000 0 3 0
L 3987800 -508000 228600 0 8 0 1 0 REF
A 4216400 -457200 203200 0 3 3 #=6
A 0 0 9 0 3 0 PINTYPE=BI
P 9 4572000 -762000 4064000 -762000 0 3 0
L 3987800 -762000 228600 0 8 0 1 0 REF_SENSE
A 4216400 -711200 203200 0 3 3 #=5
A 0 0 9 0 3 0 PINTYPE=BI
E
